2 0.5038095238095238 0.06960408684546616 0.8704761904761905 0.021711366538952746
1 0.4980952380952381 0.11047254150702425 0.4704761904761905 0.06257982120051085
2 0.48285714285714293 0.1685823754789272 0.9047619047619048 0.058748403575989844
1 0.47714285714285715 0.22477650063856966 0.3257142857142858 0.0561941251596424
2 0.48380952380952374 0.2720306513409962 0.9104761904761903 0.04853128991060024
1 0.4866666666666666 0.32630906768837803 0.3066666666666666 0.05491698595146871
2 0.4885714285714286 0.39208173690932313 0.9085714285714286 0.07918263090676883
1 0.4819047619047619 0.46104725415070247 0.32 0.05874840357598979
2 0.49238095238095236 0.524904214559387 0.9238095238095236 0.06385696040868448
1 0.48095238095238096 0.5855683269476373 0.30285714285714294 0.06002554278416348
2 0.4847619047619047 0.6577266922094508 0.9161904761904762 0.09706257982120048
1 0.48476190476190467 0.744572158365262 0.3942857142857143 0.06896551724137931
2 0.4933333333333333 0.8575989782886336 0.9142857142857141 0.15964240102171104
