2 0.5157699443413729 0.10089399744572157 0.8868274582560296 0.10472541507024266
1 0.5222634508348795 0.17241379310344826 0.21335807050092764 0.038314176245210725
2 0.23840445269016697 0.20498084291187735 0.3283858998144712 0.021711366538952746
1 0.5194805194805194 0.22605363984674332 0.18552875695732837 0.02554278416347382
2 0.4044526901669758 0.26309067688378035 0.5640074211502781 0.022988505747126436
1 0.5111317254174397 0.2899106002554278 0.21335807050092764 0.02554278416347382
2 0.5092764378478664 0.32311621966794385 0.8775510204081632 0.04086845466155811
1 0.5064935064935066 0.3601532567049809 0.137291280148423 0.02554278416347382
2 0.5176252319109462 0.40485312899106013 0.8682745825602969 0.06641123882503193
1 0.5120593692022264 0.4565772669220945 0.1929499072356215 0.02426564495530012
2 0.4536178107606679 0.483397190293742 0.680890538033395 0.029374201787994894
1 0.5111317254174397 0.5146871008939975 0.5139146567717995 0.02554278416347382
1 0.5018552875695733 0.5721583652618135 0.12801484230055662 0.0280970625798212
2 0.326530612244898 0.541507024265645 0.4230055658627087 0.02554278416347382
2 0.5157699443413729 0.7522349936143038 0.8794063079777366 0.3243933588761175
