1 0.5181818181818181 0.12260536398467435 0.6 0.19667943805874846
0 0.5463636363636364 0.24074074074074076 0.8272727272727274 0.034482758620689655
2 0.5445454545454546 0.44125159642401024 0.8781818181818182 0.3537675606641124
1 0.5436363636363636 0.648786717752235 0.20363636363636364 0.0561941251596424
2 0.5390909090909091 0.6928480204342273 0.86 0.039591315453384415
1 0.5418181818181818 0.747765006385696 0.28363636363636363 0.06002554278416348
2 0.35090909090909095 0.7886334610472542 0.3781818181818182 0.029374201787994894
1 0.5463636363636364 0.8339719029374202 0.49636363636363634 0.0561941251596424
2 0.40363636363636374 0.8729246487867178 0.4763636363636365 0.029374201787994894
1 0.5354545454545455 0.9048531289910601 0.609090909090909 0.031928480204342274
