2 0.5310218978102185 0.14176245210727967 0.8649635036496339 0.20434227330779048
1 0.5374087591240876 0.27266922094508295 0.23905109489051085 0.05236270753512128
2 0.5264598540145985 0.3237547892720307 0.8558394160583941 0.04725415070242655
1 0.5282846715328468 0.3793103448275862 0.4397810218978102 0.06385696040868455
2 0.5264598540145985 0.4572158365261814 0.8594890510948905 0.0945083014048531
1 0.531021897810219 0.5440613026819924 0.6240875912408759 0.07662835249042145
2 0.5191605839416059 0.6251596424010216 0.8594890510948905 0.07790549169859515
1 0.5228102189781022 0.7081736909323116 0.5054744525547447 0.08812260536398467
2 0.5282846715328468 0.7860791826309067 0.8594890510948905 0.07790549169859515
1 0.520985401459854 0.8563218390804598 0.3594890510948905 0.05747126436781609
2 0.2645985401459854 0.8946360153256705 0.33211678832116787 0.031928480204342274
