2 0.4133709981167608 0.061941251596424 0.6572504708097928 0.04469987228607918
1 0.4670433145009416 0.10536398467432949 0.19962335216572505 0.031928480204342274
2 0.4971751412429379 0.1277139208173691 0.8210922787193974 0.030651340996168574
1 0.4774011299435028 0.15836526181353766 0.16760828625235405 0.0280970625798212
2 0.4887005649717514 0.29501915708812265 0.8983050847457628 0.2452107279693486
2 0.49623352165725043 0.4693486590038315 0.8832391713747646 0.08301404853128991
1 0.48210922787193966 0.5434227330779057 0.3502824858757062 0.05747126436781609
2 0.4952919020715632 0.6226053639846744 0.8775894538606405 0.10344827586206896
1 0.4830508474576271 0.7094508301404855 0.40112994350282494 0.05747126436781609
2 0.492467043314501 0.7720306513409961 0.8907721280602636 0.06768837803320561
1 0.46516007532956694 0.8697318007662832 0.6214689265536725 0.12005108556832696
